full_compare_K=3写出 /home/xueyizhou/spgemm-challenge/suitesparse_crawl/profile_aa_summary.csv

====================================================================================================================
[compute-only:稀疏法=各阶段求和去 h2d/d2h;Ocean=GPU 阶段求和]  ms
class name                        n    cuSP   Ocean   gust   mrgP     m3  mP/Oce  m3/cu  m3/Oce
--------------------------------------------------------------------------------------------------------------------
Dens bcsstk02                   66    0.34    0.80   0.81   0.39   0.14    0.48   0.42    0.18
Dens can_24                     24    0.28    0.19   0.25   0.18   0.12    0.93   0.42    0.62
Dens bcsstk04                  132    0.40    0.46   0.62   0.29   0.16    0.62   0.39    0.34
Dens bcsstk01                   48    0.29    0.30   0.31   0.19   0.12    0.63   0.41    0.41
Dens can_61                     61    0.29    0.25   0.32   0.19   0.14    0.76   0.47    0.53
Dens bcsstk05                  153    0.31    0.27   0.34   0.21   0.14    0.79   0.46    0.53
Mild bcspwr01                   39    0.34    0.19   0.31   0.22   0.16    1.11   0.48    0.84
Mild can_96                     96    0.33    0.30   0.39   0.23   0.15    0.77   0.45    0.51
Mild arc130                    130    0.31    0.34   0.37   0.34   0.19    0.99   0.62    0.55
Mild ash85                      85    0.30    0.20   0.31   0.17   0.12    0.90   0.42    0.63
Mild can_73                     73    0.30    0.20   0.26   0.18   0.13    0.89   0.42    0.64
Mild bcspwr02                   49    0.29    0.19   0.24   0.17   0.12    0.89   0.40    0.62
Mild can_144                   144    0.29    0.30   0.32   0.17   0.13    0.58   0.45    0.44
Mild can_62                     62    0.30    0.20   0.25   0.17   0.12    0.89   0.41    0.62
Mild can_161                   161    0.30    0.32   0.32   0.17   0.14    0.54   0.47    0.43
Mild bcsstk03                  112    0.30    0.18   0.34   0.18   0.12    1.03   0.41    0.68
Mild bcsstk06                  420    0.40    0.32   0.55   0.22   0.17    0.69   0.42    0.53
Mild bcsstk07                  420    0.38    0.32   0.55   0.22   0.16    0.69   0.43    0.52
Mild can_256                   256    0.32    0.32   0.39   0.37   0.21    1.12   0.64    0.63
Mild can_268                   268    0.30    0.31   0.35   0.26   0.17    0.83   0.56    0.54
Mild can_187                   187    0.30    0.33   0.32   0.18   0.12    0.53   0.40    0.36
Mild bcsstm07                  420    0.41    0.32   0.59   0.23   0.18    0.72   0.44    0.57
Mild bcsstk27                1,224    0.69    0.50   1.44   0.66   0.46    1.33   0.66    0.93
Mild bcsstm27                1,224    0.71    0.54   1.46   0.62   0.44    1.16   0.62    0.82
Mild bcsstk22                  138    0.29    0.20   0.32   0.17   0.12    0.82   0.41    0.59
Mild bcspwr03                  118    0.29    0.20   0.25   0.19   0.13    0.97   0.44    0.64
Mild can_229                   229    0.31    0.33   0.33   0.19   0.16    0.59   0.52    0.49
Mild can_292                   292    0.32    0.32   0.34   0.22   0.14    0.70   0.44    0.44
Mild ash292                    292    0.30    0.33   0.33   0.18   0.15    0.56   0.50    0.45
Mild bcspwr04                  274    0.30    0.21   0.33   0.19   0.13    0.94   0.44    0.63
Mild bcsstk13                2,003    0.93    0.67   1.97   1.20   0.99    1.80   1.07    1.48
Mild bcsstm01                   48    0.28    0.16   0.24   0.15   0.11    0.99   0.40    0.71
Mild bcsstk14                1,806    0.79    0.60   1.39   0.68   0.52    1.14   0.67    0.87
Mild can_445                   445    0.32    0.30   0.34   0.20   0.15    0.67   0.47    0.48
Mild bcsstm10                1,086    0.41    0.46   0.93   0.40   0.21    0.88   0.51    0.46
Mild bcsstk10                1,086    0.46    0.46   1.02   0.45   0.22    0.98   0.49    0.48
Mild can_634                   634    0.41    0.33   0.63   0.23   0.17    0.68   0.41    0.49
Mild bcsstk11                1,473    0.54    0.49   1.07   0.48   0.24    0.96   0.44    0.48
Mild bcsstk12                1,473    0.53    0.55   1.08   0.47   0.24    0.85   0.46    0.44
Mild bcsstk09                1,083    0.41    0.31   0.80   0.35   0.20    1.12   0.48    0.62
Mild bcsstm02                   66    0.28    0.13   0.26   0.15   0.12    1.15   0.41    0.85
Mild can_838                   838    0.39    0.36   0.56   0.26   0.16    0.72   0.43    0.46
Mild bcsstk20                  485    0.30    0.21   0.33   0.16   0.14    0.79   0.46    0.67
Mild can_715                   715    0.39    0.35   0.61   0.42   0.41    1.20   1.06    1.16
Mild bcsstk24                3,562    1.26    0.59   2.39   0.86   0.76    1.45   0.60    1.27
Mild bcsstk16                4,884    1.60    0.79   3.96   1.40   1.79    1.78   1.12    2.28
Mild bcsstk28                4,410    1.40    0.60   2.97   1.06   1.02    1.76   0.73    1.70
Mild bcsstk08                1,074    0.65    0.35   1.27   2.01   0.94    5.68   1.45    2.64
Mild can_1054                1,054    0.40    0.33   0.71   0.28   0.20    0.86   0.50    0.60
Mild can_1072                1,072    0.41    0.33   0.70   0.29   0.22    0.87   0.55    0.67
Mild bcsstk19                  817    0.31    0.32   0.34   0.18   0.15    0.58   0.47    0.46
High bcsstm12                1,473    0.40    0.34   0.83   0.34   0.19    1.01   0.49    0.57
High bcsstm03                  112    0.33    0.14   0.30   0.21   0.14    1.50   0.44    1.05
High bcspwr05                  443    0.35    0.21   0.40   0.23   0.16    1.08   0.46    0.76
High bcsstk26                1,922    0.49    0.38   1.04   0.48   0.23    1.28   0.47    0.62
High bcsstk33                8,738    2.73    1.52   8.07   2.97   3.91    1.95   1.43    2.57
High bcsstm04                  132    0.29    0.16   0.25   0.15   0.11    0.97   0.37    0.70
High bcsstk15                3,948    1.17    0.41   1.86   0.88   0.75    2.16   0.64    1.83
High bcsstm22                  138    0.28    0.16   0.25   0.16   0.11    0.99   0.39    0.69
High bp_1600                   822    0.32    0.23   0.38   1.42   0.58    6.22   1.81    2.52
High bp_1400                   822    0.31    0.26   0.38   1.38   0.57    5.33   1.81    2.18
High bp_1200                   822    0.32    0.25   0.39   1.41   0.57    5.64   1.80    2.29
High 685_bus                   685    0.32    0.21   0.36   0.19   0.16    0.92   0.50    0.77
High bp_1000                   822    0.31    0.22   0.40   1.38   0.55    6.20   1.77    2.47
High 494_bus                   494    0.32    0.22   0.32   0.18   0.13    0.81   0.40    0.58
High bp_800                    822    0.32    0.22   0.39   1.35   0.56    6.18   1.72    2.53
High bcsstm05                  153    0.32    0.14   0.27   0.18   0.13    1.31   0.40    0.91
High bp_600                    822    0.31    0.25   0.36   1.33   0.54    5.41   1.75    2.21
High bp_400                    822    0.34    0.24   0.36   1.27   0.53    5.19   1.57    2.17
High 662_bus                   662    0.30    0.20   0.34   0.19   0.15    0.95   0.48    0.71
High bp_200                    822    0.32    0.24   0.37   1.10   0.49    4.64   1.54    2.07
High bcsstm13                2,003    0.50    0.37   1.11   0.68   0.34    1.84   0.67    0.91
High bp_0                      822    0.31    0.24   0.36   0.99   0.48    4.19   1.55    2.05
High bcsstk23                3,134    0.63    0.29   1.25   0.66   0.41    2.31   0.65    1.42
High bcsstk17               10,974    2.16    0.77   4.10   1.37   1.80    1.78   0.83    2.34
High blckhole                2,132    0.39    0.22   0.56   0.21   0.19    0.96   0.48    0.87
High bcsstk29               13,992    2.80    0.92   6.07   1.61   2.02    1.74   0.72    2.18
High 1138_bus                1,138    0.32    0.21   0.32   0.19   0.16    0.92   0.50    0.76
High bcspwr06                1,454    0.34    0.21   0.36   0.21   0.17    0.99   0.50    0.81
High bcsstk30               28,924    8.22    2.37  30.24  11.08  16.14    4.67   1.96    6.80
High bcsstm06                  420    0.30    0.16   0.26   0.16   0.12    0.98   0.39    0.72
High bcspwr08                1,624    0.30    0.21   0.33   0.18   0.16    0.87   0.52    0.75
High bcspwr07                1,612    0.31    0.21   0.33   0.20   0.16    0.98   0.54    0.80
High bcspwr09                1,723    0.30    0.21   0.35   0.21   0.15    0.98   0.51    0.71
High bcsstm20                  485    0.29    0.16   0.24   0.17   0.11    1.02   0.38    0.69
High bcsstk21                3,600    0.47    0.23   0.77   0.35   0.24    1.51   0.50    1.03
High bcsstm19                  817    0.30    0.16   0.24   0.17   0.12    1.06   0.39    0.74
High bcsstk25               15,439    1.09    0.45   1.89   1.06   1.18    2.35   1.09    2.63
High bcsstk18               11,948    0.90    0.46   1.52   0.89   0.85    1.94   0.94    1.85
High bcsstk32               44,609    8.11    1.76  17.64   5.50   7.30    3.12   0.90    4.14
Extr bcsstk31               35,588    4.99    1.24   8.89   3.07   4.40    2.46   0.88    3.54
Extr bcsstm08                1,074    0.31    0.16   0.25   0.16   0.12    1.03   0.40    0.78
Extr bcsstm09                1,083    0.35    0.14   0.31   0.21   0.15    1.47   0.43    1.10
Extr bcspwr10                5,300    0.42    0.22   0.67   0.21   0.19    0.96   0.46    0.88
Extr bcsstm11                1,473    0.32    0.17   0.26   0.16   0.12    0.92   0.39    0.72
Extr bcsstm26                1,922    0.32    0.17   0.25   0.17   0.13    1.02   0.40    0.76
Extr bcsstm23                3,134    0.33    0.16   0.36   0.18   0.15    1.08   0.46    0.94
Extr bcsstm24                3,562    0.30    0.17   0.34   0.17   0.16    0.98   0.54    0.94
Extr bcsstm21                3,600    0.36    0.17   0.38   0.20   0.17    1.17   0.47    1.01
Extr bcsstm25               15,439    0.32    0.18   0.37   0.19   0.26    1.09   0.82    1.48

====================================================================================================================
按类别聚合(compute-only 均值,毫秒)
--------------------------------------------------------------------------------------------------------------------
class               #    cuBLAS   Ocean  cuSPARSE gust(ESC) mrg(ser)    mrgP    mrg3 par/Oce  m3/cu  m3/Oce
Dense               6       0.0     0.4       0.3       0.4      0.7     0.2     0.1    0.69   0.43    0.40
Mildly sparse      45       0.4     0.3       0.5       0.8      1.6     0.4     0.3    0.94   0.52    0.66
Highly sparse      39     156.7     0.4       1.0       2.2      8.4     1.1     1.1    1.86   0.74    1.29
Extremely sparse   10     251.0     0.3       0.8       1.2      2.2     0.5     0.6    1.16   0.50    1.07
  (跳过 profile_cu_breakdown.png:日志无 dbg 阶段时间戳,需 DBG=1 重跑)

================================================================================================================
分阶段构成(各矩阵均值,ms)— 按阶段分组,六法可比
----------------------------------------------------------------------------------------------------------------
方法                 h2d       d2h        符号        计算        排序        去重        收尾      数值归并        打包        合计
cuSPARSE          0.12      0.24    --         0.65    --       --       --       --         0.03      1.04
Gustavson         0.15      0.14      0.07      0.12      0.78      0.14      0.20    --         0.04      1.63
Merge(ser)        0.15      0.14      0.07      0.35      3.60    --         0.19    --         0.03      4.52
Merge(par)        0.13      0.13      0.07    --         0.44    --         0.13    --         0.03      0.92
Merge3            0.12      0.13      0.27    --         0.32    --       --       --         0.03      0.87

分阶段明细: profile_aa.csv ; 图: charts/profile_aa.png

  图: charts/profile_methods_bar.png  (7 方法 compute-only 柱状图;具体数值见上面的类别聚合表)

====================================================================================================
merge vs Ocean:输给 Ocean 的 case(ratio > 1.0,越小越好)
====================================================================================================

--- merge2(par):赢 52 / 输 48,几何均值 1.227× ---
name                n     C_nnz    Ocean   merge2(par)   ratio
----------------------------------------------------------------------
bp_1600           822     23625    0.228         1.420   6.22×
bp_1000           822     21373    0.222         1.378   6.20×
bp_800            822     20224    0.219         1.354   6.18×
bcsstk08         1074    305612    0.355         2.014   5.68×
bp_1200           822     22313    0.249         1.406   5.64×
bp_600            822     16464    0.245         1.326   5.41×
bp_1400           822     23154    0.260         1.384   5.33×
bp_400            822     15238    0.244         1.266   5.19×
bcsstk30        28924   8946070    2.374        11.077   4.67×
bp_200            822     13197    0.237         1.099   4.64×
bp_0              822      9384    0.236         0.987   4.19×
bcsstk32        44609   6819653    1.762         5.498   3.12×
bcsstk31        35588   4713580    1.244         3.065   2.46×
bcsstk25        15439   1168919    0.450         1.059   2.35×
bcsstk23         3134    220632    0.288         0.665   2.31×
bcsstk15         3948    527688    0.410         0.884   2.16×
bcsstk33         8738   2569536    1.522         2.969   1.95×
bcsstk18        11948    713208    0.458         0.889   1.94×
bcsstm13         2003     90811    0.370         0.680   1.84×
bcsstk13         2003    396773    0.666         1.198   1.80×
  ... 另有 28 个

--- merge3(bucket):赢 70 / 输 30,几何均值 0.874× ---
name                n     C_nnz    Oceanmerge3(bucket)   ratio
----------------------------------------------------------------------
bcsstk30        28924   8946070    2.374        16.139   6.80×
bcsstk32        44609   6819653    1.762         7.304   4.14×
bcsstk31        35588   4713580    1.244         4.403   3.54×
bcsstk08         1074    305612    0.355         0.938   2.64×
bcsstk25        15439   1168919    0.450         1.182   2.63×
bcsstk33         8738   2569536    1.522         3.912   2.57×
bp_800            822     20224    0.219         0.555   2.53×
bp_1600           822     23625    0.228         0.576   2.52×
bp_1000           822     21373    0.222         0.550   2.47×
bcsstk17        10974   1406936    0.770         1.803   2.34×
bp_1200           822     22313    0.249         0.572   2.29×
bcsstk16         4884   1038782    0.787         1.793   2.28×
bp_600            822     16464    0.245         0.543   2.21×
bcsstk29        13992   1965686    0.924         2.019   2.18×
bp_1400           822     23154    0.260         0.566   2.18×
bp_400            822     15238    0.244         0.528   2.17×
bp_200            822     13197    0.237         0.490   2.07×
bp_0              822      9384    0.236         0.484   2.05×
bcsstk18        11948    713208    0.458         0.847   1.85×
bcsstk15         3948    527688    0.410         0.748   1.83×
  ... 另有 10 个

图表在 /home/xueyizhou/spgemm-challenge/suitesparse_crawl/charts
