[compute-only:cudaEvent 纯 GPU(去边界 h2d/d2h);dense=tiled FP64 GEMM;Ocean=各 phase 求和;HSMU=time2;opSparse=total]  ms
 cls name                          n       cu    Ocean     opSp     HSMU     dense     Auto    A/cu A/Ocean  A/opSp  A/HSMU A/dense
----------------------------------------------------------------------------------------------------------------------
Dens can_24                       24     0.33     0.20     0.96     0.30      0.20     0.13    0.40    0.64    0.13    0.43    0.65
Dens bcsstk02                     66     0.28   716.92     0.74     0.60      0.16     0.12    0.40    0.00    0.15    0.19    0.74
Dens bcsstk04                    132     0.34     0.40     0.54     0.32      0.19     0.12    0.37    0.31    0.23    0.39    0.66
Mild bcspwr01                     39     0.24     0.16     0.53     0.21      0.16     0.09    0.39    0.58    0.18    0.44    0.58
Mild bcsstk01                     48     0.26     0.25     0.90     0.22      0.15     0.09    0.37    0.37    0.10    0.42    0.62
Mild bcsstm01                     48     0.23     0.14     0.65     0.21      0.16     0.08    0.37    0.62    0.13    0.39    0.52
Mild bcspwr02                     49     0.25     0.17     0.68     0.22      0.16     0.10    0.39    0.59    0.14    0.44    0.60
Mild can_61                       61     0.27     0.36     0.95     0.32      0.24     0.12    0.45    0.33    0.13    0.38    0.51
Mild can_62                       62     0.29     0.20     1.12     0.29      0.21     0.22    0.78    1.13    0.20    0.77    1.08
Mild bcsstm02                     66     0.24     0.14     0.51     0.22      0.15     0.09    0.36    0.63    0.17    0.40    0.57
Mild can_73                       73     0.25     0.17     1.27     0.23      0.22     0.14    0.57    0.85    0.11    0.61    0.66
Mild ash85                        85     0.25     0.17     0.70     0.23      0.16     0.10    0.40    0.58    0.14    0.45    0.63
Mild can_96                       96     0.25     0.33     0.72     0.29      0.20     0.10    0.41    0.31    0.14    0.35    0.50
Mild bcsstk03                    112     0.27     0.14     0.70     0.22      0.18     0.10    0.36    0.70    0.14    0.44    0.56
Mild bcspwr03                    118     0.24     0.18     0.90     0.22      0.17     0.09    0.39    0.52    0.10    0.42    0.56
Mild arc130                      130     0.26     0.31     0.84     0.34      0.18     0.13    0.50    0.43    0.16    0.39    0.72
Mild bcsstk22                    138     0.25     0.19     0.97     0.22      0.18     0.09    0.36    0.47    0.09    0.40    0.49
Mild can_144                     144     0.28     0.33     0.76     0.31      0.23     0.13    0.47    0.41    0.18    0.43    0.58
Mild bcsstk05                    153     0.26     0.28     0.81     0.27      0.20     0.11    0.42    0.40    0.14    0.40    0.55
Mild can_161                     161     0.32     0.33     1.60     0.31      0.23     0.16    0.51    0.49    0.10    0.52    0.69
Mild can_187                     187     0.28     0.33     1.67     0.31      0.26     0.12    0.44    0.38    0.07    0.41    0.48
Mild can_229                     229     0.30     0.32     0.81     0.30      0.27     0.17    0.55    0.51    0.20    0.56    0.62
Mild can_256                     256     0.32     0.35     1.63     0.36      0.32     0.18    0.58    0.52    0.11    0.51    0.57
Mild can_268                     268     0.31     0.34     1.30     0.32      0.30     0.16    0.51    0.46    0.12    0.49    0.52
Mild bcspwr04                    274     0.25     0.18     0.59     0.24      0.23     0.10    0.41    0.56    0.18    0.43    0.45
Mild ash292                      292     0.25     0.18     0.71     0.24      0.25     0.11    0.44    0.61    0.16    0.47    0.44
Mild can_292                     292     0.31     0.37     0.71     0.32      0.28     0.14    0.45    0.37    0.19    0.43    0.49
Mild bcsstk06                    420     0.32     0.28     0.88     0.28      0.32     0.13    0.42    0.48    0.15    0.46    0.42
Mild bcsstk07                    420     0.33     0.27     0.73     0.28      0.30     0.13    0.38    0.46    0.17    0.45    0.41
Mild bcsstm07                    420     0.32     0.27     0.55     0.27      0.30     0.13    0.42    0.49    0.24    0.49    0.45
Mild can_445                     445     0.31     0.34     1.24     0.30      0.38     0.15    0.48    0.44    0.12    0.49    0.39
Mild bcsstk27                   1224     0.63     0.42     0.83     0.56      1.14     0.30    0.47    0.71    0.36    0.54    0.26
Mild bcsstm27                   1224     0.69     0.54     1.81     0.66      1.22     0.31    0.45    0.57    0.17    0.47    0.25
Mild bcsstk14                   1806     0.69     0.46     1.32     0.45      2.38     0.30    0.44    0.65    0.23    0.67    0.13
Mild bcsstk13                   2003     0.76     0.57     1.37     0.74      3.25     0.77    1.02    1.36    0.56    1.04    0.24
High bcsstm03                    112     0.24     0.14     1.05     0.21      0.17     0.09    0.37    0.64    0.09    0.42    0.53
High bcsstm04                    132     0.24     0.14     0.93     0.21      0.18     0.09    0.36    0.60    0.09    0.40    0.47
High bcsstm22                    138     0.25     0.14     0.85     0.22      0.19     0.09    0.37    0.65    0.11    0.42    0.49
High bcsstm05                    153     0.25     0.14     0.89     0.21      0.19     0.08    0.34    0.60    0.09    0.40    0.44
High bcsstm06                    420     0.25     0.14     0.50     0.21      0.28     0.09    0.35    0.62    0.17    0.41    0.32
High bcspwr05                    443     0.25     0.18     0.73     0.24      0.33     0.10    0.40    0.55    0.14    0.41    0.30
High bcsstk20                    485     0.25     0.21     0.73     0.24      0.35     0.11    0.42    0.52    0.15    0.44    0.31
High bcsstm20                    485     0.24     0.14     0.58     0.22      0.33     0.09    0.36    0.61    0.15    0.40    0.26
High 494_bus                     494     0.25     0.18     0.70     0.23      0.32     0.10    0.40    0.57    0.14    0.44    0.31
High can_634                     634     0.37     0.35     1.07     0.26      0.41     0.15    0.39    0.42    0.14    0.56    0.36
High 662_bus                     662     0.25     0.18     0.83     0.23      0.44     0.10    0.41    0.57    0.12    0.44    0.23
High 685_bus                     685     0.25     0.18     0.76     0.24      0.48     0.12    0.46    0.64    0.15    0.48    0.24
High can_715                     715     0.39     0.37     1.38     0.30      0.53     0.28    0.72    0.75    0.20    0.91    0.53
High bcsstk19                    817     0.31     0.27     0.71     0.24      0.56     0.12    0.39    0.46    0.17    0.50    0.22
High bcsstm19                    817     0.29     0.14     1.14     0.23      0.55     0.09    0.31    0.64    0.08    0.40    0.16
High bp_0                        822     0.29     0.25     1.28     0.44      0.56     0.32    1.09    1.28    0.25    0.71    0.57
High bp_1000                     822     0.32     0.26     0.62     0.44      0.56     0.40    1.23    1.51    0.64    0.90    0.71
High bp_1200                     822     0.30     0.26     1.31     0.48      0.56     0.39    1.27    1.50    0.29    0.80    0.69
High bp_1400                     822     0.30     0.26     1.35     0.49      0.55     0.38    1.24    1.44    0.28    0.77    0.68
High bp_1600                     822     0.32     0.26     0.89     0.47      0.56     0.35    1.09    1.33    0.39    0.74    0.63
High bp_200                      822     0.31     0.25     0.78     0.47      0.55     0.33    1.06    1.29    0.42    0.70    0.59
High bp_400                      822     0.31     0.26     0.66     0.47      0.55     0.34    1.10    1.32    0.51    0.72    0.61
High bp_600                      822     0.31     0.26     1.28     0.57      0.56     0.34    1.08    1.32    0.26    0.60    0.61
High bp_800                      822     0.31     0.26     1.14     0.47      0.56     0.34    1.12    1.34    0.30    0.73    0.61
High can_838                     838     0.43     0.30     1.14     0.26      0.54     0.15    0.36    0.51    0.14    0.59    0.28
High can_1054                   1054     0.40     0.34     0.74     0.33      0.77     0.18    0.44    0.52    0.24    0.53    0.23
High can_1072                   1072     0.42     0.36     1.23     0.34      0.89     0.19    0.45    0.52    0.15    0.56    0.21
High bcsstk08                   1074     0.51     0.36     1.09     0.68      0.94     0.55    1.08    1.52    0.50    0.80    0.58
High bcsstk09                   1083     0.39     0.28     0.82     0.27      0.79     0.15    0.38    0.53    0.18    0.55    0.19
High bcsstk10                   1086     0.36     0.39     0.72     0.29      0.73     0.16    0.44    0.40    0.22    0.54    0.22
High bcsstm10                   1086     0.36     0.39     0.76     0.29      0.73     0.16    0.43    0.40    0.21    0.53    0.21
High 1138_bus                   1138     0.26     0.19     0.79     0.24      0.79     0.26    1.01    1.36    0.33    1.06    0.33
High bcspwr06                   1454     0.26     0.19     0.70     0.24      1.29     0.13    0.50    0.70    0.19    0.56    0.10
High bcsstk11                   1473     0.48     0.42     0.95     0.43      1.52     0.19    0.39    0.45    0.20    0.44    0.12
High bcsstk12                   1473     0.47     0.41     0.84     0.43      1.52     0.17    0.36    0.42    0.20    0.39    0.11
High bcsstm12                   1473     0.33     0.29     1.43     0.27      1.52     0.15    0.46    0.51    0.10    0.56    0.10
High bcspwr07                   1612     0.25     0.18     0.85     0.24      1.53     0.13    0.50    0.69    0.15    0.54    0.08
High bcspwr08                   1624     0.26     0.19     0.87     0.24      1.60     0.13    0.50    0.68    0.15    0.54    0.08
High bcspwr09                   1723     0.26     0.19     1.11     0.24      2.00     0.12    0.46    0.62    0.11    0.48    0.06
High bcsstk26                   1922     0.41     0.29     0.71     0.41      2.64     0.17    0.41    0.57    0.24    0.41    0.06
High bcsstm13                   2003     0.47     0.38     0.68     0.48      3.08     0.28    0.59    0.73    0.40    0.58    0.09
High blckhole                   2132     0.38     0.22     0.74     0.51      3.29     0.18    0.47    0.81    0.24    0.35    0.05
High bcsstk23                   3134     0.50     0.29     1.01     0.42      8.86     0.23    0.46    0.79    0.23    0.55    0.03
High bcsstk24                   3562     1.05     0.50     1.31     0.77     12.51     0.35    0.33    0.69    0.26    0.45    0.03
High bcsstk21                   3600     0.36     0.19     1.49     0.32     12.60     0.16    0.46    0.88    0.11    0.52    0.01
High bcsstk15                   3948     0.95     0.36     0.82     0.55     15.91     0.29    0.31    0.81    0.36    0.53    0.02
High bcsstk28                   4410     1.33     0.61     1.43     1.19     22.47     0.39    0.30    0.65    0.27    0.33    0.02
High bcsstk16                   4884     1.65     0.69     1.31     1.24     29.49     0.50    0.30    0.72    0.38    0.40    0.02
High bcsstk33                   8738     2.83     1.44     1.30     1.71    156.23     1.01    0.36    0.70    0.78    0.59    0.01
High bcsstk17                  10974     2.13     0.68     1.10     1.51    307.82     0.65    0.30    0.95    0.59    0.43    0.00
High bcsstk29                  13992     2.79     0.83     1.37     1.51    630.63     0.80    0.29    0.97    0.59    0.53    0.00
High bcsstk30                  28924     8.51     2.27     3.01     4.44   5512.56     3.12    0.37    1.38    1.04    0.70    0.00
Extr bcsstm08                   1074     0.25     0.14     0.73     0.22      0.72     0.09    0.37    0.65    0.13    0.42    0.13
Extr bcsstm09                   1083     0.25     0.14     0.87     0.22      0.78     0.09    0.36    0.64    0.11    0.41    0.12
Extr bcsstm11                   1473     0.25     0.14     1.14     0.22      1.51     0.10    0.39    0.68    0.09    0.44    0.06
Extr bcsstm26                   1922     0.30     0.17     0.73     0.24      2.65     0.13    0.43    0.74    0.18    0.53    0.05
Extr bcsstm23                   3134     0.25     0.14     0.91     0.36      8.78     0.11    0.46    0.79    0.13    0.31    0.01
Extr bcsstm24                   3562     0.27     0.14     1.14     0.37     12.33     0.12    0.45    0.83    0.11    0.33    0.01
Extr bcsstm21                   3600     0.26     0.15     1.17     0.36     12.58     0.13    0.51    0.90    0.11    0.36    0.01
Extr bcspwr10                   5300     0.31     0.20     0.68     1.98     36.47     0.16    0.52    0.83    0.24    0.08    0.00
Extr bcsstk18                  11948     0.79     0.38     1.16     1.02    395.70     0.57    0.72    1.49    0.49    0.56    0.00
Extr bcsstk25                  15439     1.13     0.40     1.50     1.22    856.82     0.42    0.38    1.05    0.28    0.35    0.00
Extr bcsstm25                  15439     0.26     0.15     0.74     0.37    856.53     0.24    0.94    1.55    0.32    0.65    0.00
Extr bcsstk31                  35588     4.93     1.16     1.81     2.48  10223.80     1.34    0.27    1.16    0.74    0.54    0.00
Extr bcsstk32                  44609     8.03     1.68     2.49     3.34  20268.10     2.12    0.26    1.26    0.85    0.63    0.00

======================================================================================================================
按类别聚合(几何均值 ms;A/X = Auto 对该法比值均值,<1 = Auto 快)
----------------------------------------------------------------------------------------------------------------------
class                  #       cu    Ocean     opSp     HSMU     dense     Auto    A/cu A/Ocean  A/opSp  A/HSMU A/dense
Dense                  3     0.32     3.89     0.73     0.39      0.18     0.12    0.39    0.03    0.17    0.32    0.68
Mildly sparse         32     0.31     0.26     0.90     0.29      0.29     0.14    0.45    0.53    0.15    0.47    0.49
Highly sparse         52     0.42     0.29     0.96     0.40      1.60     0.21    0.50    0.74    0.22    0.53    0.13
Extremely sparse      13     0.52     0.25     1.07     0.59     47.77     0.23    0.44    0.92    0.21    0.39    0.00
ALL(100)             100     0.39     0.30     0.95     0.38      1.35     0.18    0.47    0.62    0.19    0.49    0.14

====================================================================================================
Auto vs cuSPARSE:赢 88 / 输 12,几何均值(Auto/cuSPARSE) 0.472×
----------------------------------------------------------------------------------------------------
name                   n       C_nnz    cuSPARSE        Auto    ratio
bp_1200              822       22313       0.304       0.386    1.27×
bp_1400              822       23154       0.303       0.375    1.24×
bp_1000              822       21373       0.323       0.396    1.23×
bp_800               822       20224       0.307       0.344    1.12×
bp_400               822       15238       0.307       0.337    1.10×
bp_1600              822       23625       0.321       0.350    1.09×
bp_0                 822        9384       0.290       0.315    1.09×
bp_600               822       16464       0.313       0.338    1.08×
bcsstk08            1074      305612       0.508       0.547    1.08×
bp_200               822       13197       0.308       0.327    1.06×
bcsstk13            2003      396773       0.757       0.773    1.02×
1138_bus            1138       11142       0.256       0.259    1.01×

====================================================================================================
Auto vs Ocean:赢 81 / 输 19,几何均值(Auto/Ocean) 0.622×
----------------------------------------------------------------------------------------------------
name                   n       C_nnz       Ocean        Auto    ratio
bcsstm25           15439       15439       0.154       0.239    1.55×
bcsstk08            1074      305612       0.361       0.547    1.52×
bp_1000              822       21373       0.262       0.396    1.51×
bp_1200              822       22313       0.258       0.386    1.50×
bcsstk18           11948      713208       0.383       0.571    1.49×
bp_1400              822       23154       0.261       0.375    1.44×
bcsstk30           28924     8946070       2.272       3.125    1.38×
1138_bus            1138       11142       0.190       0.259    1.36×
bcsstk13            2003      396773       0.570       0.773    1.36×
bp_800               822       20224       0.257       0.344    1.34×
bp_1600              822       23625       0.264       0.350    1.33×
bp_400               822       15238       0.255       0.337    1.32×
bp_600               822       16464       0.256       0.338    1.32×
bp_200               822       13197       0.253       0.327    1.29×
bp_0                 822        9384       0.247       0.315    1.28×
bcsstk32           44609     6819653       1.676       2.119    1.26×
bcsstk31           35588     4713580       1.159       1.340    1.16×
can_62                62         482       0.198       0.223    1.13×
bcsstk25           15439     1168919       0.403       0.424    1.05×

====================================================================================================
Auto vs opSparse:赢 99 / 输 1,几何均值(Auto/opSparse) 0.194×
----------------------------------------------------------------------------------------------------
name                   n       C_nnz    opSparse        Auto    ratio
bcsstk30           28924     8946070       3.007       3.125    1.04×

====================================================================================================
Auto vs HSMU:赢 98 / 输 2,几何均值(Auto/HSMU) 0.486×
----------------------------------------------------------------------------------------------------
name                   n       C_nnz        HSMU        Auto    ratio
1138_bus            1138       11142       0.245       0.259    1.06×
bcsstk13            2003      396773       0.743       0.773    1.04×

====================================================================================================
Auto vs dense:赢 99 / 输 1,几何均值(Auto/dense) 0.137×
----------------------------------------------------------------------------------------------------
name                   n       C_nnz       dense        Auto    ratio
can_62                62         482       0.206       0.223    1.08×
