写出 /home/xueyizhou/spgemm-challenge/suitesparse_crawl/profile_aa_summary.csv

======================================================================================================================
class name                        n   cuBLAS     cu   gust   mrgS   mrgP mP/cuBL  mP/cu mP/gust
----------------------------------------------------------------------------------------------------------------------
Dens bcsstk02                   66     0.05   0.48   0.85   1.71   0.45    8.99   0.94    0.53
Dens can_24                     24     0.05   0.39   0.34   0.32   0.28    5.67   0.72    0.81
Dens bcsstk04                  132     0.05   0.51   0.62   1.14   0.39    7.51   0.76    0.62
Dens bcsstk01                   48     0.02   0.45   0.45   0.38   0.33   17.38   0.72    0.73
Dens can_61                     61     0.04   0.42   0.43   0.46   0.32    8.34   0.76    0.74
Dens bcsstk05                  153     0.04   0.40   0.43   0.48   0.32    8.10   0.79    0.73
Mild bcspwr01                   39     0.05   0.52   0.47   0.41   0.38    7.54   0.73    0.80
Mild can_96                     96     0.05   0.40   0.42   0.33   0.28    5.78   0.71    0.68
Mild arc130                    130     0.04   0.41   0.46   1.63   0.45   11.06   1.08    0.99
Mild ash85                      85     0.04   0.44   0.48   0.38   0.33    8.68   0.75    0.69
Mild can_73                     73     0.04   0.41   0.36   0.35   0.32    8.24   0.78    0.87
Mild bcspwr02                   49     0.05   0.49   0.43   0.37   0.34    6.91   0.71    0.80
Mild can_144                   144     0.05   0.51   0.51   0.45   0.36    7.10   0.70    0.70
Mild can_62                     62     0.04   0.38   0.35   0.30   0.27    7.52   0.71    0.77
Mild can_161                   161     0.05   0.42   0.44   0.39   0.30    5.95   0.72    0.69
Mild bcsstk03                  112     0.05   0.39   0.40   0.30   0.27    5.23   0.69    0.66
Mild bcsstk06                  420     0.04   0.54   0.66   0.71   0.34    7.72   0.62    0.51
Mild bcsstk07                  420     0.06   0.53   0.64   0.70   0.33    5.20   0.62    0.51
Mild can_256                   256     0.05   0.42   0.46   1.96   0.47    9.73   1.14    1.04
Mild can_268                   268     0.04   0.42   0.44   0.80   0.37    8.68   0.89    0.85
Mild can_187                   187     0.04   0.39   0.40   0.31   0.28    7.05   0.70    0.69
Mild bcsstm07                  420     0.06   0.53   0.65   0.69   0.33    5.42   0.63    0.51
Mild bcsstk27                1,224     0.15   1.17   1.83   2.44   0.98    6.77   0.85    0.54
Mild bcsstm27                1,224     0.17   0.95   1.48   2.13   0.78    4.72   0.83    0.53
Mild bcsstk22                  138     0.02   0.42   0.44   0.35   0.30   12.60   0.71    0.69
Mild bcspwr03                  118     0.05   0.38   0.34   0.32   0.28    5.42   0.72    0.81
Mild can_229                   229     0.04   0.39   0.40   0.37   0.28    7.75   0.73    0.70
Mild can_292                   292     0.06   0.42   0.44   0.62   0.33    5.58   0.79    0.76
Mild ash292                    292     0.06   0.41   0.41   0.35   0.29    4.62   0.71    0.71
Mild bcspwr04                  274     0.03   0.41   0.41   0.39   0.30    8.71   0.72    0.72
Mild bcsstk13                2,003     0.51   1.27   2.07   6.08   1.41    2.74   1.11    0.68
Mild bcsstm01                   48     0.02   0.38   0.34   0.29   0.26   13.84   0.68    0.76
Mild bcsstk14                1,806     0.38   1.07   1.46   2.03   0.89    2.32   0.83    0.61
Mild can_445                   445     0.06   0.54   0.59   0.53   0.43    7.12   0.81    0.74
Mild bcsstm10                1,086     0.14   0.57   0.97   1.01   0.56    3.94   0.97    0.57
Mild bcsstk10                1,086     0.13   0.58   1.00   1.04   0.56    4.14   0.96    0.56
Mild can_634                   634     0.06   0.56   0.66   0.57   0.34    5.44   0.60    0.51
Mild bcsstk11                1,473     0.23   0.75   1.09   1.11   0.59    2.61   0.78    0.54
Mild bcsstk12                1,473     0.22   0.76   1.07   1.10   0.58    2.67   0.76    0.54
Mild bcsstk09                1,083     0.13   0.56   0.88   0.85   0.46    3.43   0.81    0.52
Mild bcsstm02                   66     0.05   0.40   0.33   0.27   0.25    5.14   0.63    0.76
Mild can_838                   838     0.10   0.54   0.66   0.91   0.39    4.10   0.72    0.59
Mild bcsstk20                  485     0.04   0.42   0.41   0.34   0.28    6.29   0.67    0.67
Mild can_715                   715     0.08   0.50   0.64   1.86   0.52    6.42   1.03    0.82
Mild bcsstk24                3,562     2.59   1.74   2.80   3.57   1.24    0.48   0.71    0.44
Mild bcsstk16                4,884     6.86   3.27   5.82   9.95   2.89    0.42   0.88    0.50
Mild bcsstk28                4,410     5.01   2.67   4.09   6.06   2.10    0.42   0.79    0.51
Mild bcsstk08                1,074     0.12   1.02   1.48  20.99   2.28   18.97   2.23    1.54
Mild can_1054                1,054     0.13   0.73   0.97   1.12   0.51    3.83   0.70    0.52
Mild can_1072                1,072     0.12   0.73   0.97   1.23   0.49    4.07   0.67    0.51
Mild bcsstk19                  817     0.08   1.11   1.14   0.95   0.84   10.34   0.75    0.73
High bcsstm12                1,473     0.22   0.55   0.87   0.77   0.44    1.96   0.79    0.50
High bcsstm03                  112     0.04   0.39   0.33   0.28   0.26    6.75   0.67    0.79
High bcspwr05                  443     0.06   0.43   0.42   0.34   0.29    4.52   0.67    0.69
High bcsstk26                1,922     0.50   0.69   1.03   1.11   0.57    1.15   0.83    0.56
High bcsstk33                8,738    32.56   4.45  10.34  21.81   4.62    0.14   1.04    0.45
High bcsstm04                  132     0.04   0.46   0.39   0.34   0.30    7.58   0.65    0.78
High bcsstk15                3,948     3.42   1.69   2.06   2.70   1.24    0.36   0.73    0.60
High bcsstm22                  138     0.05   0.41   0.34   0.29   0.27    5.42   0.67    0.81
High bp_1600                   822     0.07   0.46   0.53  17.18   1.56   22.00   3.41    2.96
High bp_1400                   822     0.09   0.44   0.50  17.49   1.51   16.39   3.41    3.02
High bp_1200                   822     0.08   0.44   0.48  17.72   1.52   18.96   3.44    3.15
High 685_bus                   685     0.09   0.41   0.42   0.35   0.29    3.37   0.71    0.70
High bp_1000                   822     0.08   0.42   0.48  17.42   1.49   18.61   3.55    3.11
High 494_bus                   494     0.07   0.39   0.40   0.33   0.27    4.11   0.69    0.69
High bp_800                    822     0.08   0.54   0.58  16.88   1.55   19.32   2.88    2.66
High bcsstm05                  153     0.05   0.47   0.42   0.35   0.34    6.58   0.72    0.80
High bp_600                    822     0.09   0.60   0.60  16.43   1.57   17.08   2.62    2.62
High bp_400                    822     0.07   0.50   0.57  15.28   1.45   20.33   2.92    2.57
High 662_bus                   662     0.06   0.43   0.43   0.34   0.30    4.81   0.71    0.70
High bp_200                    822     0.09   0.54   0.59  13.86   1.30   14.21   2.41    2.21
High bcsstm13                2,003     0.52   0.67   1.06   2.73   0.77    1.49   1.16    0.73
High bp_0                      822     0.09   0.45   0.46  11.21   1.13   12.20   2.51    2.46
High bcsstk23                3,134     1.80   0.95   1.49   1.68   0.86    0.48   0.90    0.57
High bcsstk17               10,974    63.18   4.26   6.05  11.53   3.16    0.05   0.74    0.52
High blckhole                2,132     0.59   0.55   0.68   0.58   0.35    0.60   0.64    0.52
High bcsstk29               13,992   135.95   4.36   7.70  11.63   2.96    0.02   0.68    0.38
High 1138_bus                1,138     0.11   0.97   0.93   0.78   0.66    5.76   0.68    0.72
High bcspwr06                1,454     0.23   0.42   0.43   0.37   0.30    1.32   0.72    0.71
High bcsstk30               28,924  1172.37  14.15  35.26  91.66  15.76    0.01   1.11    0.45
High bcsstm06                  420     0.05   0.50   0.42   0.37   0.34    6.68   0.67    0.80
High bcspwr08                1,624     0.26   0.45   0.48   0.40   0.34    1.28   0.75    0.70
High bcspwr07                1,612     0.26   0.42   0.44   0.37   0.30    1.15   0.71    0.69
High bcspwr09                1,723     0.34   0.43   0.44   0.38   0.31    0.91   0.72    0.70
High bcsstm20                  485     0.06   0.42   0.36   0.29   0.28    4.29   0.66    0.77
High bcsstk21                3,600     2.67   0.59   0.84   0.67   0.49    0.18   0.83    0.58
High bcsstm19                  817     0.06   0.41   0.34   0.29   0.27    4.70   0.66    0.79
High bcsstk25               15,439   176.22   1.96   2.62   4.15   1.75    0.01   0.89    0.67
High bcsstk18               11,948    85.43   1.85   2.36   3.17   1.65    0.02   0.89    0.70
High bcsstk32               44,609  4387.78  12.41  21.63  40.34   9.25    0.00   0.75    0.43
Extr bcsstk31               35,588  2295.50   7.77  11.44  22.28   5.71    0.00   0.73    0.50
Extr bcsstm08                1,074     0.13   0.40   0.35   0.29   0.27    2.03   0.66    0.75
Extr bcsstm09                1,083     0.13   0.41   0.36   0.30   0.28    2.19   0.68    0.79
Extr bcspwr10                5,300     7.62   0.52   0.65   0.49   0.32    0.04   0.62    0.50
Extr bcsstm11                1,473     0.23   0.40   0.33   0.27   0.25    1.09   0.64    0.77
Extr bcsstm26                1,922     0.50   0.41   0.35   0.30   0.28    0.55   0.67    0.79
Extr bcsstm23                3,134     1.80   0.41   0.43   0.30   0.27    0.15   0.67    0.64
Extr bcsstm24                3,562     2.59   0.42   0.41   0.29   0.28    0.11   0.67    0.68
Extr bcsstm21                3,600     2.66   0.43   0.43   0.31   0.29    0.11   0.68    0.68
Extr bcsstm25               15,439   177.50   0.43   0.45   0.34   0.30    0.00   0.71    0.67

========================================================================================================
按类别聚合(均值,毫秒)
--------------------------------------------------------------------------------------------------------
class               #    cuBLAS  cuSPARSE gust(ESC) merge(par) par/cuBL  par/cu par/gust
Dense               6       0.0       0.4       0.5        0.3     8.75    0.78     0.69
Mildly sparse      45       0.4       0.7       1.0        0.6     5.08    0.78     0.66
Highly sparse      39     155.5       1.6       2.7        1.6     1.49    1.04     0.89
Extremely sparse   10     248.9       1.2       1.5        0.8     0.12    0.67     0.67
  (跳过 profile_cu_breakdown.png:日志无 dbg 阶段时间戳,需 DBG=1 重跑)

================================================================================================================
分阶段构成(各矩阵均值,ms)— 按阶段分组,五法可比
----------------------------------------------------------------------------------------------------------------
方法                 h2d       d2h        符号        计算        排序        去重        收尾      数值归并        打包        合计
cuSPARSE          0.10      0.24    --         0.62    --       --       --       --         0.03      0.99
Gustavson         0.13      0.13      0.06      0.11      0.76      0.12      0.19    --         0.03      1.54
Merge(ser)        0.12      0.13      0.07      0.34      3.55    --         0.18    --         0.03      4.40
Merge(par)        0.11      0.13      0.06    --         0.43    --         0.12    --         0.03      0.88

分阶段明细: profile_aa.csv ; 图: charts/profile_aa.png

图表在 /home/xueyizhou/spgemm-challenge/suitesparse_crawl/charts
