[compute-only:cudaEvent 纯 GPU(去边界 h2d/d2h,同 Ocean 口径); 无 dense(--no-dense)]  ms
class name                        n  Ocean    HSMU     m3    Auto Auto/Oce  m3/Oce
--------------------------------------------------------------------------------------------------------------------
 Dens can_24                       24   0.20   0.29   0.11   0.11   0.53   0.53
 Dens bcsstk02                     66   0.85   0.68   0.13   0.16   0.19   0.16
 Dens bcsstk04                    132   0.46   0.46   0.15   0.15   0.34   0.34
 Mild bcspwr01                     39   0.20   0.27   0.10   0.11   0.56   0.51
 Mild bcsstk01                     48   0.32   0.30   0.13   0.12   0.38   0.41
 Mild bcsstm01                     48   0.16   0.28   0.11   0.11   0.65   0.67
 Mild bcspwr02                     49   0.16   0.27   0.12   0.14   0.84   0.73
 Mild can_61                       61   0.33   0.36   0.12   0.12   0.38   0.38
 Mild can_62                       62   0.20   0.29   0.14   0.12   0.57   0.69
 Mild bcsstm02                     66   0.14   0.28   0.11   0.10   0.75   0.79
 Mild can_73                       73   0.20   0.29   0.12   0.13   0.68   0.63
 Mild ash85                        85   0.19   0.29   0.12   0.11   0.58   0.63
 Mild can_96                       96   0.33   0.29   0.15   0.14   0.42   0.44
 Mild bcsstk03                    112   0.18   0.31   0.12   0.12   0.67   0.69
 Mild bcspwr03                    118   0.21   0.29   0.12   0.13   0.59   0.54
 Mild arc130                      130   0.35   0.41   0.16   0.16   0.45   0.46
 Mild bcsstk22                    138   0.21   0.30   0.12   0.12   0.56   0.59
 Mild can_144                     144   0.33   0.31   0.14   0.16   0.47   0.43
 Mild bcsstk05                    153   0.34   0.35   0.15   0.16   0.46   0.43
 Mild can_161                     161   0.33   0.30   0.12   0.12   0.38   0.38
 Mild can_187                     187   0.33   0.31   0.12   0.12   0.36   0.36
 Mild can_229                     229   0.33   0.31   0.12   0.16   0.50   0.37
 Mild can_256                     256   0.35   0.35   0.18   0.17   0.49   0.50
 Mild can_268                     268   0.34   0.33   0.18   0.17   0.51   0.51
 Mild bcspwr04                    274   0.22   0.31   0.13   0.15   0.69   0.59
 Mild ash292                      292   0.22   0.30   0.15   0.14   0.65   0.69
 Mild can_292                     292   0.32   0.32   0.15   0.14   0.45   0.48
 Mild bcsstk06                    420   0.27   0.35   0.19   0.14   0.54   0.70
 Mild bcsstk07                    420   0.32   0.36   0.15   0.16   0.50   0.47
 Mild bcsstm07                    420   0.34   0.34   0.16   0.15   0.45   0.48
 Mild can_445                     445   0.34   0.32   0.14   0.14   0.42   0.42
 Mild bcsstk27                  1,224   0.42   0.64   0.30   0.31   0.73   0.72
 Mild bcsstm27                  1,224   0.42   0.64   0.31   0.33   0.77   0.75
 Mild bcsstk14                  1,806   0.56   0.52   0.32   0.33   0.58   0.56
 Mild bcsstk13                  2,003   0.67   0.92   0.62   0.85   1.28   0.94
 High bcsstm03                    112   0.16   0.28   0.10   0.11   0.70   0.65
 High bcsstm04                    132   0.17   0.28   0.11   0.10   0.59   0.63
 High bcsstm22                    138   0.18   0.28   0.11   0.11   0.62   0.62
 High bcsstm05                    153   0.17   0.28   0.11   0.11   0.65   0.63
 High bcsstm06                    420   0.18   0.28   0.12   0.11   0.62   0.67
 High bcspwr05                    443   0.22   0.32   0.13   0.13   0.58   0.60
 High bcsstk20                    485   0.22   0.32   0.14   0.16   0.71   0.61
 High bcsstm20                    485   0.18   0.29   0.11   0.13   0.75   0.62
 High 494_bus                     494   0.20   0.30   0.13   0.11   0.56   0.63
 High can_634                     634   0.37   0.34   0.15   0.15   0.41   0.40
 High 662_bus                     662   0.22   0.30   0.14   0.13   0.60   0.61
 High 685_bus                     685   0.22   0.31   0.14   0.14   0.63   0.62
 High can_715                     715   0.39   0.37   0.28   0.28   0.72   0.72
 High bcsstk19                    817   0.35   0.31   0.14   0.14   0.39   0.38
 High bcsstm19                    817   0.17   0.30   0.11   0.13   0.74   0.66
 High bp_0                        822   0.25   0.44   0.40   0.33   1.34   1.61
 High bp_1000                     822   0.25   0.43   0.46   0.39   1.58   1.83
 High bp_1200                     822   0.25   0.48   0.44   0.38   1.50   1.76
 High bp_1400                     822   0.23   0.47   0.43   0.39   1.72   1.90
 High bp_1600                     822   0.26   0.50   0.44   0.38   1.44   1.67
 High bp_200                      822   0.22   0.45   0.41   0.32   1.49   1.87
 High bp_400                      822   0.26   0.47   0.46   0.36   1.39   1.76
 High bp_600                      822   0.24   0.47   0.43   0.43   1.80   1.79
 High bp_800                      822   0.24   0.46   0.47   0.38   1.57   1.97
 High can_838                     838   0.33   0.33   0.15   0.16   0.47   0.44
 High can_1054                  1,054   0.29   0.33   0.17   0.17   0.57   0.58
 High can_1072                  1,072   0.37   0.34   0.18   0.17   0.47   0.48
 High bcsstk08                  1,074   0.42   0.81   0.88   0.55   1.30   2.08
 High bcsstk09                  1,083   0.34   0.33   0.19   0.18   0.54   0.56
 High bcsstk10                  1,086   0.51   0.36   0.19   0.18   0.36   0.37
 High bcsstm10                  1,086   0.50   0.36   0.18   0.19   0.37   0.35
 High 1138_bus                  1,138   0.24   0.24   0.27   0.14   0.56   1.10
 High bcspwr06                  1,454   0.21   0.32   0.17   0.15   0.72   0.83
 High bcsstk11                  1,473   0.56   0.54   0.20   0.22   0.39   0.35
 High bcsstk12                  1,473   0.54   0.54   0.20   0.20   0.37   0.37
 High bcsstm12                  1,473   0.34   0.34   0.18   0.17   0.51   0.52
 High bcspwr07                  1,612   0.21   0.32   0.15   0.16   0.76   0.73
 High bcspwr08                  1,624   0.21   0.32   0.14   0.15   0.74   0.70
 High bcspwr09                  1,723   0.21   0.31   0.14   0.16   0.74   0.64
 High bcsstk26                  1,922   0.38   0.51   0.20   0.20   0.52   0.52
 High bcsstm13                  2,003   0.43   0.57   0.31   0.30   0.70   0.72
 High blckhole                  2,132   0.23   0.51   0.16   0.17   0.76   0.71
 High bcsstk23                  3,134   0.34   0.63   0.26   0.27   0.79   0.75
 High bcsstk24                  3,562   0.65   0.97   0.46   0.36   0.55   0.70
 High bcsstk21                  3,600   0.22   0.43   0.19   0.19   0.88   0.86
 High bcsstk15                  3,948   0.43   0.69   0.40   0.34   0.78   0.93
 High bcsstk28                  4,410   0.69   1.34   0.62   0.39   0.57   0.89
 High bcsstk16                  4,884   0.79   1.41   1.16   0.49   0.63   1.48
 High bcsstk33                  8,738   1.57   1.93   2.75   1.09   0.69   1.75
 High bcsstk17                 10,974   0.78   1.71   1.19   0.62   0.79   1.54
 High bcsstk29                 13,992   0.91   1.55   1.41   0.79   0.86   1.54
 High bcsstk30                 28,924   2.40   4.82  11.33   3.28   1.36   4.72
 Extr bcsstm08                  1,074   0.17   0.29   0.12   0.12   0.67   0.67
 Extr bcsstm09                  1,083   0.14   0.23   0.13   0.12   0.84   0.92
 Extr bcsstm11                  1,473   0.16   0.27   0.12   0.14   0.89   0.77
 Extr bcsstm26                  1,922   0.17   0.29   0.14   0.15   0.90   0.84
 Extr bcsstm23                  3,134   0.18   0.50   0.14   0.14   0.80   0.81
 Extr bcsstm24                  3,562   0.18   0.49   0.20   0.15   0.87   1.10
 Extr bcsstm21                  3,600   0.17   0.52   0.16   0.14   0.84   0.98
 Extr bcspwr10                  5,300   0.22   0.95   0.19   0.20   0.88   0.86
 Extr bcsstk18                 11,948   0.43   1.24   0.56   0.42   0.98   1.30
 Extr bcsstk25                 15,439   0.47   1.51   0.78   0.47   1.00   1.66
 Extr bcsstm25                 15,439   0.19   0.50   0.29   0.27   1.41   1.53
 Extr bcsstk31                 35,588   1.24   2.78   3.11   1.30   1.05   2.52
 Extr bcsstk32                 44,609   1.79   3.82   5.63   2.06   1.15   3.14

====================================================================================================================
按类别聚合(compute-only 均值,毫秒;比值为该类各阵比值的均值)
--------------------------------------------------------------------------------------------------------------------
class                  #    Ocean     HSMU      m3    Auto  Auto/Oce   m3/Oce
Dense                  3     0.51     0.47    0.13    0.14      0.35     0.34
Mildly sparse         32     0.30     0.36    0.17    0.18      0.57     0.56
Highly sparse         52     0.40     0.61    0.57    0.32      0.80     1.01
Extremely sparse      13     0.42     1.03    0.89    0.44      0.94     1.31

====================================================================================================
Auto vs Ocean:赢 85 / 输 15,几何均值 0.671×
----------------------------------------------------------------------------------------------------
name                   n     C_nnz     Ocean          Auto    ratio
bp_600               822     16464     0.239         0.431    1.80×
bp_1400              822     23154     0.226         0.389    1.72×
bp_1000              822     21373     0.249         0.394    1.58×
bp_800               822     20224     0.241         0.379    1.57×
bp_1200              822     22313     0.250         0.375    1.50×
bp_200               822     13197     0.217         0.323    1.49×
bp_1600              822     23625     0.264         0.379    1.44×
bcsstm25           15439     15439     0.188         0.266    1.41×
bp_400               822     15238     0.261         0.362    1.39×
bcsstk30           28924   8946070     2.400         3.276    1.36×
bp_0                 822      9384     0.246         0.329    1.34×
bcsstk08            1074    305612     0.425         0.554    1.30×
bcsstk13            2003    396773     0.667         0.851    1.28×
bcsstk32           44609   6819653     1.791         2.058    1.15×
bcsstk31           35588   4713580     1.237         1.301    1.05×

====================================================================================================
m3 vs Ocean:赢 78 / 输 22,几何均值 0.737×
----------------------------------------------------------------------------------------------------
name                   n     C_nnz     Ocean            m3    ratio
bcsstk30           28924   8946070     2.400        11.331    4.72×
bcsstk32           44609   6819653     1.791         5.632    3.14×
bcsstk31           35588   4713580     1.237         3.112    2.52×
bcsstk08            1074    305612     0.425         0.882    2.08×
bp_800               822     20224     0.241         0.474    1.97×
bp_1400              822     23154     0.226         0.430    1.90×
bp_200               822     13197     0.217         0.405    1.87×
bp_1000              822     21373     0.249         0.456    1.83×
bp_600               822     16464     0.239         0.428    1.79×
bp_400               822     15238     0.261         0.460    1.76×
bp_1200              822     22313     0.250         0.439    1.76×
bcsstk33            8738   2569536     1.575         2.749    1.75×
bp_1600              822     23625     0.264         0.440    1.67×
bcsstk25           15439   1168919     0.472         0.782    1.66×
bp_0                 822      9384     0.246         0.397    1.61×
bcsstk29           13992   1965686     0.914         1.411    1.54×
bcsstk17           10974   1406936     0.775         1.193    1.54×
bcsstm25           15439     15439     0.188         0.287    1.53×
bcsstk16            4884   1038782     0.785         1.164    1.48×
bcsstk18           11948    713208     0.428         0.555    1.30×
  ... 另有 2 个
